1
1
9
0
(2 0
((0,0) (63,127) (0,0))
((0,128) (63,255) (0,0))
)
2
FabOnDisk: Cell_D_00000 0
FabOnDisk: Cell_D_00000 589907

2,9
-3.11749533377524902e+11,-3.52716052590456151e+05,-3.91584468292353897e+10,-1.30226646242733606e-03,-1.04966383215724750e+03,-6.40690299473862775e-04,-8.04922712075750488e+12,-6.47687395625499189e+07,-4.80687692191050938e+13,
-3.18426782354866272e+11,-1.20827407561078682e+05,-5.23313272371633053e+09,-5.43426915348354904e-04,-1.06964970234530119e+03,-1.71669962709908427e-04,-3.24554914714139404e+12,-2.14238779881205782e+07,-4.79391124302236875e+13,

2,9
3.14888516757555908e+11,3.45801958386147977e+05,3.04594202176646004e+10,1.30160192652572734e-03,1.03905785274216464e+03,6.14752727422262168e-04,8.13300641404495312e+12,3.08910911908877268e+07,5.30169237611235469e+13,
3.20899672168210144e+11,1.49121064730929560e+05,3.09454704733820610e+10,4.66661326932698087e-04,1.06142212905925044e+03,1.66866064389660268e-04,3.24231684981969922e+12,2.30114203241622820e+07,5.20850510434091719e+13,

