Checkpoint version: 1
1
1000 
1 
1.2899548993990722e-11 
1.2886649444996732e-11 
1.2899548993991036e-14 
0.00089465621871119105
1
-0.000125 0.00088496395842902354 
0.000125 0.0038774451140889707 
(2 0
((0,0) (63,127) (0,0))
((0,128) (63,255) (0,0))
)
-1.6021766339999999e-19 9.1093837138999998e-31
1
-0.003847802979435838
299792444.43755949
-1.6021766339999999e-19 9.1093837138999998e-31
1.6021766339999999e-19 1.6728626269279024e-27
-1.6021766339999999e-19 9.1093837138999998e-31
1
-0.003847802979435838
299650309.8591851
1.9949874371066241e-05
0.0038637586153423714
0.0038637586153423714
1.9949874371066241e-05
1
1.2886649444996732e-11
