Checkpoint version: 1
1
0 
1 
0 
-1.7976931348623157e+308 
1.2899548993991036e-14 
-0.0029725312812888694
1
-0.000125 -0.0029725312812888694 
0.000125 1.9949874371066241e-05 
(2 0
((0,0) (63,127) (0,0))
((0,128) (63,255) (0,0))
)
-1.6021766339999999e-19 9.1093837138999998e-31
1
0
299792444.43755949
-1.6021766339999999e-19 9.1093837138999998e-31
1.6021766339999999e-19 1.6728626269279024e-27
-1.6021766339999999e-19 9.1093837138999998e-31
1
0
299650309.8591851
1.9949874371066241e-05
1.9949874371066241e-05
1.9949874371066241e-05
1.9949874371066241e-05
1
0
